A=[7 3 8;5 6 4;1 9 2]
A(4)
A(3,2)
A([1,3,5])
A([1 2],[2 3])
A([1 2],[2 3])=0
A(3,:)=[]

A=[7 3 8;5 6 4;1 9 2]
B=A([1 2],[1 2])
C=A(3,[1 2])
D=A([1:3],3)